/home/tirthankar-mittra/.local/lib/python3.10/site-packages/gym/spaces/box.py:73: UserWarning: [33mWARN: Box bound precision lowered by casting to float32[0m
  logger.warn(
INFO:__main__:EPISODE 0
Obs[(array([-1., -1.,  0., -1., -1.,  0.,  2.,  2.,  1., -1., -1.,  0.],
      dtype=float32), array([ 2.,  1.,  1., -1., -1.,  0.,  2.,  2.,  1., -1., -1.,  0.],
      dtype=float32))]
INFO:__main__:Action[[5, 1]] Reward[[0, 0]] Obs[(array([-1., -1.,  0., -1., -1.,  0.,  2.,  2.,  1., -1., -1.,  0.],
      dtype=float32), array([ 3.,  1.,  1., -1., -1.,  0.,  2.,  2.,  1., -1., -1.,  0.],
      dtype=float32))]
0	0	0	0	0	0	0	p_0_1	
0	0	0	0	0	0	0	0	
0	0	0	0	0	0	0	0	
0	f1	0	0	0	0	0	0	
0	0	0	0	p_1_1	0	0	0	
0	0	0	f1	0	0	0	0	
0	0	0	0	0	0	0	0	
0	0	0	0	0	0	0	0	

INFO:__main__:Action[[2, 1]] Reward[[0, 0]] Obs[(array([-1., -1.,  0., -1., -1.,  0.,  2.,  2.,  1., -1., -1.,  0.],
      dtype=float32), array([ 4.,  1.,  1., -1., -1.,  0.,  2.,  2.,  1., -1., -1.,  0.],
      dtype=float32))]
0	0	0	0	0	0	0	0	
0	0	0	0	0	0	0	p_0_1	
0	0	0	0	0	0	0	0	
0	f1	0	0	p_1_1	0	0	0	
0	0	0	0	0	0	0	0	
0	0	0	f1	0	0	0	0	
0	0	0	0	0	0	0	0	
0	0	0	0	0	0	0	0	

INFO:__main__:Action[[4, 1]] Reward[[0, 0]] Obs[(array([-1., -1.,  0., -1., -1.,  0.,  2.,  2.,  1., -1., -1.,  0.],
      dtype=float32), array([-1., -1.,  0., -1., -1.,  0.,  2.,  2.,  1., -1., -1.,  0.],
      dtype=float32))]
0	0	0	0	0	0	0	0	
0	0	0	0	0	0	0	p_0_1	
0	0	0	0	p_1_1	0	0	0	
0	f1	0	0	0	0	0	0	
0	0	0	0	0	0	0	0	
0	0	0	f1	0	0	0	0	
0	0	0	0	0	0	0	0	
0	0	0	0	0	0	0	0	

INFO:__main__:Action[[5, 3]] Reward[[0, 0]] Obs[(array([-1., -1.,  0., -1., -1.,  0.,  2.,  2.,  1., -1., -1.,  0.],
      dtype=float32), array([ 3.,  0.,  1., -1., -1.,  0.,  2.,  2.,  1., -1., -1.,  0.],
      dtype=float32))]
0	0	0	0	0	0	0	0	
0	0	0	0	0	0	0	p_0_1	
0	0	0	p_1_1	0	0	0	0	
0	f1	0	0	0	0	0	0	
0	0	0	0	0	0	0	0	
0	0	0	f1	0	0	0	0	
0	0	0	0	0	0	0	0	
0	0	0	0	0	0	0	0	

INFO:__main__:Action[[3, 3]] Reward[[0, 0]] Obs[(array([-1., -1.,  0., -1., -1.,  0.,  2.,  2.,  1., -1., -1.,  0.],
      dtype=float32), array([ 3.,  1.,  1., -1., -1.,  0.,  2.,  2.,  1., -1., -1.,  0.],
      dtype=float32))]
0	0	0	0	0	0	0	0	
0	0	0	0	0	0	p_0_1	0	
0	0	p_1_1	0	0	0	0	0	
0	f1	0	0	0	0	0	0	
0	0	0	0	0	0	0	0	
0	0	0	f1	0	0	0	0	
0	0	0	0	0	0	0	0	
0	0	0	0	0	0	0	0	

INFO:__main__:Action[[4, 3]] Reward[[0, 0]] Obs[(array([-1., -1.,  0., -1., -1.,  0.,  2.,  2.,  1., -1., -1.,  0.],
      dtype=float32), array([ 3.,  1.,  1., -1., -1.,  0.,  2.,  2.,  1., -1., -1.,  0.],
      dtype=float32))]
0	0	0	0	0	0	0	0	
0	0	0	0	0	0	0	p_0_1	
0	p_1_1	0	0	0	0	0	0	
0	f1	0	0	0	0	0	0	
0	0	0	0	0	0	0	0	
0	0	0	f1	0	0	0	0	
0	0	0	0	0	0	0	0	
0	0	0	0	0	0	0	0	

INFO:__main__:Action[[5, 4]] Reward[[0, 0]] Obs[(array([-1., -1.,  0., -1., -1.,  0.,  2.,  2.,  1., -1., -1.,  0.],
      dtype=float32), array([ 3.,  1.,  1., -1., -1.,  0.,  2.,  2.,  1., -1., -1.,  0.],
      dtype=float32))]
0	0	0	0	0	0	0	0	
0	0	0	0	0	0	0	p_0_1	
0	0	p_1_1	0	0	0	0	0	
0	f1	0	0	0	0	0	0	
0	0	0	0	0	0	0	0	
0	0	0	f1	0	0	0	0	
0	0	0	0	0	0	0	0	
0	0	0	0	0	0	0	0	

INFO:__main__:Action[[5, 0]] Reward[[0, 0]] Obs[(array([-1., -1.,  0., -1., -1.,  0.,  2.,  2.,  1., -1., -1.,  0.],
      dtype=float32), array([ 3.,  1.,  1., -1., -1.,  0.,  2.,  2.,  1., -1., -1.,  0.],
      dtype=float32))]
0	0	0	0	0	0	0	0	
0	0	0	0	0	0	0	p_0_1	
0	0	p_1_1	0	0	0	0	0	
0	f1	0	0	0	0	0	0	
0	0	0	0	0	0	0	0	
0	0	0	f1	0	0	0	0	
0	0	0	0	0	0	0	0	
0	0	0	0	0	0	0	0	

INFO:__main__:Action[[5, 0]] Reward[[0, 0]] Obs[(array([-1., -1.,  0., -1., -1.,  0.,  2.,  2.,  1., -1., -1.,  0.],
      dtype=float32), array([ 3.,  1.,  1., -1., -1.,  0.,  2.,  2.,  1., -1., -1.,  0.],
      dtype=float32))]
0	0	0	0	0	0	0	0	
0	0	0	0	0	0	0	p_0_1	
0	0	p_1_1	0	0	0	0	0	
0	f1	0	0	0	0	0	0	
0	0	0	0	0	0	0	0	
0	0	0	f1	0	0	0	0	
0	0	0	0	0	0	0	0	
0	0	0	0	0	0	0	0	

INFO:__main__:Action[[4, 3]] Reward[[0, 0]] Obs[(array([-1., -1.,  0., -1., -1.,  0.,  2.,  2.,  1., -1., -1.,  0.],
      dtype=float32), array([ 3.,  1.,  1., -1., -1.,  0.,  2.,  2.,  1., -1., -1.,  0.],
      dtype=float32))]
0	0	0	0	0	0	0	0	
0	0	0	0	0	0	0	p_0_1	
0	p_1_1	0	0	0	0	0	0	
0	f1	0	0	0	0	0	0	
0	0	0	0	0	0	0	0	
0	0	0	f1	0	0	0	0	
0	0	0	0	0	0	0	0	
0	0	0	0	0	0	0	0	

