
Obs
[
(array([-1., -1.,  0., 
        -1., -1.,  0.,  
        1.,  2.,  1., 
        4.,  0.,  2.],dtype=float32), 

(array([ 1.,  1.,  2., 
        -1., -1.,  0.,  
        2.,  2.,  2., 
        -1., -1.,  0.],dtype=float32))
]

0     0     0     0     0     0     0     0     
0     0     0     0     0     0     0     p_0_1 -> (3, -2) / (1, 7) -> 
0     0     0     0     0     0     0     0     
0     0     0     0     f2    0     0     0     
0     0     0     0     0     p_1_2 0     0     -> (4, 0) / (4, 5) -> (2, 2)
0     0     0     0     0     0     0     0     
0     f1    0     0     0     0     0     0     
0     0     0     0     0     0     0     0     

Actual Coordiantes
p1 (1, 7)
p2 (4, 5)
------------------
(1, 2) / (4, 0)
